Academy
10
Wood	Crystal
64	0	0	8
68	0	22	12
115	0	29	16
263	0	37	22
382	225	47	28
626	428	59	35
982	744	74	43
1330	1089	91	51
2004	1748	111	60
2665	2454	136	69
Barracks
10
Wood	Marble
49	0	1	0
114	0	17	0
195	0	22	0
296	0	27	0
420	0	32	0
574	0	38	0
766	0	45	0
1003	0	53	0
1297	178	61	0
1662	431	70	0
Governor's_Residence
4
Wood	Wine	Marble	Crystal	Sulfur
712	0	0	0	0	270	2
5824	0	1434	0	0	375	3
16048	0	4546	0	3089	526	4
36496	10898	10770	0	10301	737	5
Hideout
10
Wood Marble
113	0	24	14
248	0	36	13
402	0	48	12
578	129	61	12
779	197	75	11
1007	275	90	11
1564	471	121	9
1903	593	138	9
2288	735	156	8
Palace
4
Wood	Wine	Marble	Crystal	Sulfur
712	0	0	0	0	268	2
5824	0	1434	0	0	376	3
16048	0	4546	0	3089	526	4
36496	10898	10770	0	10301	737	5
Shipyard
10
Wood	Marble
105	0	43	0
202	0	51	0
324	0	59	0
477	0	68	0
671	0	68	0
914	778	87	0
1222	1052	98	0
1609	1397	109	0
2096	1832	120	0
2711	2381	132	0
Tavern
10
Wood	Marble
101	0	16	4
222	0	28	8
367	0	40	13
541	94	53	18
750	122	66	24
1001	158	81	30
1302	206	96	37
1663	267	112	44
2097	348	130	51
2617	452	148	60
Town_hall
10
Wood	Marble
0	0	0	60
158	0	59	96
335	0	66	142
623	0	74	200
923	285	83	262
1390	551	94	332
2015	936	108	410
2706	1411	123	492
3661	2091	141	580
4776	2945	162	672
Town_wall
10
Wood	Marble
114	0	1	0
361	203	51	0
657	516	62	0
1012	892	73	0
1439	1344	86	0
1951	1885	100	0
2565	2535	116	0
3302	3315	133	0
4186	4251	151	0
5247	5374	172	0
Trading_port
10
Wood	Marble
60	0	7	30
150	0	23	60
274	0	30	93
429	0	38	129
637	0	48	169
894	176	59	213
1207	326	71	261
1645	540	86	315
2106	791	103	373
2735	1138	122	437
Warehouse
10
Wood	Marble
160	0	1	8000
288	0	7	16000
442	0	35	24000
626	96	45	32000
847	211	56	40000
1113	349	69	48000
1431	515	84	56000
1813	714	100	64000
2272	953	126	72000
2822	1240	141	80000
Workshop
10
Wood	Marble
220	95	42	0
383	167	54	0
569	251	66	0
781	349	79	0
1023	461	93	0
1299	592	108	0
1613	744	123	0
1972	920	139	0
2380	1125	156	0
2846	1362	174	0
Alchemist's_Tower
10
Wood	Marble
274	0	18	2
467	116	30	4
718	255	43	6
1045	436	57	8
1469	671	73	10
2021	977	91	12
2738	1375	110	14
3671	1892	131	16
4883	2564	155	18
6459	3437	237	20
Forester's_House
10
Wood	Marble
250	0	18	2
430	104	30	4
664	237	43	6
968	410	57	8
1364	635	73	10
1878	928	91	12
2546	1309	110	14
3415	1803	131	16
4544	2446	155	18
6013	3282	237	20
GlassBlower
10
Wood	Marble
274	0	18	2
467	116	30	4
718	255	43	6
1045	436	57	8
1469	671	73	10
2021	977	91	12
2738	1375	110	14
3671	1892	131	16
4883	2564	155	18
6459	3437	237	20
Stonemason
10
Wood	Marble
274	0	18	2
467	116	30	4
718	255	43	6
1045	436	57	8
1469	671	73	10
2021	977	91	12
2738	1375	110	14
3671	1892	131	16
4883	2564	155	18
6459	3437	237	20
Winegrower
10
Wood	Marble
274	0	18	2
467	116	30	4
718	255	43	6
1045	436	57	8
1469	671	73	10
2021	977	91	12
2738	1375	110	14
3671	1892	131	16
4883	2564	155	18
6459	3437	237	20
Architect_Office
10
Wood	Marble
185	106	16	1
291	160	19	2
413	222	23	3
555	295	27	4
720	379	31	5
911	475	36	6
1133	587	41	7
1390	716	46	8
1689	865	51	9
2035	1036	57	10
Carpenter
10
Wood	Marble
63	0	13	1
122	0	16	2
192	0	20	3
274	0	24	4
372	0	28	5
486	0	33	6
620	0	38	7
777	359	43	8
962	444	48	9
1178	546	54	10
Firework_TestArea
10
Wood	Marble
273	135	16	1
353	212	19	2
445	302	23	3
551	405	27	4
673	526	31	5
813	665	36	6
974	827	41	7
1159	1015	46	8
1373	1233	51	9
1618	1486	57	10
Optician
10
Wood	Marble
119	0	13	1
188	35	17	2
269	96	21	3
362	167	25	4
471	249	29	5
597	345	34	6
742	455	38	7
912	584	44	8
1108	733	49	9
1335	905	55	10
Wine_Press
10
Wood	Marble
339	123	22	1
423	198	26	2
520	285	30	3
631	387	34	4
758	504	38	5
905	640	43	6
1074	798	47	7
1269	981	53	8
1492	1194	58	9
1749	1440	64	10